39,3
39,1
39,5
38,3
38,1
38,5
37,4
37,1
37,3
10,284
10,264
10,164
10,118
10,34
10,78
10,94
10,20
11,12
11,14
11,16
11,10
11,20
11,6
11,8
9,4
9,6
8,14
8,12
8,9
8,16
50,4
50,3
50,2
50,1
50,0
48,4
48,3
48,2
48,1
48,0
47,4
47,3
47,2
47,1
47,0
46,3
46,2
46,1
46,0
44,4
44,3
44,2
44,1
44,0
43,4
43,3
43,2
43,1
43,0
40,4
40,1
40,3
29,3
29,1
20,3
20,2
20,1
19,3
19,2
19,1
12,3
12,2
12,1
11,27
11,23
11,17
11,13
11,11
11,9
11,5
11,3
11,2
11,1
10,265
10,257
18,1
10,183
18,3
10,179
10,135
10,115
10,109
10,25
14,1
10,3
14,3
13,1
10,2
13,3
10,1
9,7
9,5
9,3
9,2
9,1
8,18
8,17
8,15
8,13
8,8
